A->B prior: Usually
8.16623563166955e-16,1.44255999909239e-14,2.26258871259652e-13,3.15091798771186e-12,3.89608421023796e-11,4.27739466410724e-10,4.16955842751141e-09,3.60878124443959e-08,2.77326137168845e-07,1.89225996253037e-06,1.14638514773934e-05,6.16651871177565e-05,0.000294516281793529,0.00124893062972674,0.00470248129673801,0.0157208342763492,0.0466642032068076,0.122984922606993,0.287792612864817,0.597953158976047,1.10309886944845,1.80684736547997,2.62777542390178,3.39324157012068,3.89046097712026,3.96047339913111,3.57975158656951,2.87288626016529,2.04712200548245,1.29517595665892

B->C prior: Frequently
0.0316618063319199,0.0461457801152661,0.0659881354167637,0.0925842860642699,0.127451886285972,0.172144365872815,0.228127120876174,0.296618740181972,0.378405824900558,0.473646792199768,0.581686451098829,0.700907740722251,0.82864845478269,0.961207949251127,1.09396126087483,1.22158612942381,1.3383934512869,1.43873587689955,1.51745529145195,1.57032048332364,1.59440353054197,1.58834836183348,1.55249722264913,1.48885863742727,1.40092104051787,1.29333613505529,1.17151195739372,1.0411650953844,0.907883315459121,0.776744219932852

A->B posterior:
2.7699101084021518e-152, 4.661233336971641e-140, 2.3942326114686995e-128, 3.753722551582079e-117, 1.796339114270118e-106, 2.623885097585457e-96, 1.1698539043224422e-86, 1.5920209341339147e-77, 6.612965377167729e-69, 8.384439843812917e-61, 3.244757065375913e-53, 3.8328396437542915e-46, 1.3819408107961904e-39, 1.5208576420204513e-33, 5.108789584443233e-28, 5.238148382359171e-23, 1.6393357387595569e-18, 1.5659877003169466e-14, 4.566033735108577e-11, 4.0636866711733257e-8, 1.103904852855474e-5, 0.0009153209444708999, 0.02316570315484188, 0.17895667556820605, 0.4219690996678912, 0.30369925355633254, 0.06671709519149559, 0.004473638253772774, 9.156192758300386e-5, 5.720043348062188e-7

B->C posterior:
1.0536477009815702e-115, 2.4353975905833785e-106, 2.2452525930629576e-97, 8.256223246211354e-89, 1.2109285958870663e-80, 7.083966993401594e-73, 1.6529336054759142e-65, 1.5383500715499094e-58, 5.7105222660933096e-52, 8.45507314145783e-46, 4.993209577933041e-40, 1.1761510682830746e-34, 1.1050127937636359e-29, 4.140877583004069e-25, 6.189254817667662e-21, 3.689820348712417e-17, 8.773905777339733e-14, 8.321499612310816e-11, 3.147973840799297e-8, 4.749867760068394e-6, 0.00028585961802835756, 0.006861909498310837, 0.06569889256683588, 0.25089499550876765, 0.38216141367727363, 0.23217879736652278, 0.05626251817799201, 0.005437968175420476, 0.00020964043078319973, 3.2235492637815736e-6

Pueden aprender:
A->B si 2.3496564315356228,1.3333578428980095
B->C si 3.1532047343564438,1.4610949162083444
Test causals threshold 0.7 umbral bajo 0.3 umbral alto:
B->C sometimes pf:
0.483941449038287,0.51726293434398,0.550255367867272,0.582574681906841,0.613865626443748,0.6437680435751,0.671923613419188,0.697982900144506,0.721612507840887,0.742502143462447,0.760371378868513,0.774975906595431,0.786113094578882,0.793626663405918,0.797410335223485,0.797410335223485,0.793626663405918,0.786113094578882,0.774975906595431,0.760371378868513,0.742502143462447,0.721612507840887,0.697982900144506,0.671923613419188,0.6437680435751,0.613865626443748,0.582574681906841,0.550255367867272,0.51726293434398,0.483941449038287

B->C sometimes pf:
0.483941449038287,0.51726293434398,0.550255367867272,0.582574681906841,0.613865626443748,0.6437680435751,0.671923613419188,0.697982900144506,0.721612507840887,0.742502143462447,0.760371378868513,0.774975906595431,0.786113094578882,0.793626663405918,0.797410335223485,0.797410335223485,0.793626663405918,0.786113094578882,0.774975906595431,0.760371378868513,0.742502143462447,0.721612507840887,0.697982900144506,0.671923613419188,0.6437680435751,0.613865626443748,0.582574681906841,0.550255367867272,0.51726293434398,0.483941449038287

B->C sometimes pf:
0.483941449038287,0.51726293434398,0.550255367867272,0.582574681906841,0.613865626443748,0.6437680435751,0.671923613419188,0.697982900144506,0.721612507840887,0.742502143462447,0.760371378868513,0.774975906595431,0.786113094578882,0.793626663405918,0.797410335223485,0.797410335223485,0.793626663405918,0.786113094578882,0.774975906595431,0.760371378868513,0.742502143462447,0.721612507840887,0.697982900144506,0.671923613419188,0.6437680435751,0.613865626443748,0.582574681906841,0.550255367867272,0.51726293434398,0.483941449038287

B->C sometimes pf:
0.483941449038287,0.51726293434398,0.550255367867272,0.582574681906841,0.613865626443748,0.6437680435751,0.671923613419188,0.697982900144506,0.721612507840887,0.742502143462447,0.760371378868513,0.774975906595431,0.786113094578882,0.793626663405918,0.797410335223485,0.797410335223485,0.793626663405918,0.786113094578882,0.774975906595431,0.760371378868513,0.742502143462447,0.721612507840887,0.697982900144506,0.671923613419188,0.6437680435751,0.613865626443748,0.582574681906841,0.550255367867272,0.51726293434398,0.483941449038287

A->B often pf:
0.00176297841183723,0.00331578077670558,0.00605361173179503,0.0107283579179108,0.0184561828163205,0.0308205547143013,0.0499607508464904,0.0786153587189437,0.120081410986188,0.178046771201182,0.2562609079035,0.358030938323058,0.485566471620889,0.639244151792157,0.816911056544741,1.01338091922863,1.22028313628303,1.4263904894347,1.61847575319423,1.7826410318102,1.90595015168499,1.97810397311639,1.99285926802266,1.94892032268501,1.85012672264623,1.70489958799233,1.52505699195056,1.32422956491555,1.11617020144119,0.91324542694511

compute_prob_fake_new([0.0316618063319199,0.0461457801152661,0.0659881354167637,0.0925842860642699,0.127451886285972,0.172144365872815,0.228127120876174,0.296618740181972,0.378405824900558,0.473646792199768,0.581686451098829,0.700907740722251,0.82864845478269,0.961207949251127,1.09396126087483,1.22158612942381,1.3383934512869,1.43873587689955,1.51745529145195,1.57032048332364,1.59440353054197,1.58834836183348,1.55249722264913,1.48885863742727,1.40092104051787,1.29333613505529,1.17151195739372,1.0411650953844,0.907883315459121,0.776744219932852], [0.483941449038287,0.51726293434398,0.550255367867272,0.582574681906841,0.613865626443748,0.6437680435751,0.671923613419188,0.697982900144506,0.721612507840887,0.742502143462447,0.760371378868513,0.774975906595431,0.786113094578882,0.793626663405918,0.797410335223485,0.797410335223485,0.793626663405918,0.786113094578882,0.774975906595431,0.760371378868513,0.742502143462447,0.721612507840887,0.697982900144506,0.671923613419188,0.6437680435751,0.613865626443748,0.582574681906841,0.550255367867272,0.51726293434398,0.483941449038287], [1.0536477009815702e-115, 2.4353975905833785e-106, 2.2452525930629576e-97, 8.256223246211354e-89, 1.2109285958870663e-80, 7.083966993401594e-73, 1.6529336054759142e-65, 1.5383500715499094e-58, 5.7105222660933096e-52, 8.45507314145783e-46, 4.993209577933041e-40, 1.1761510682830746e-34, 1.1050127937636359e-29, 4.140877583004069e-25, 6.189254817667662e-21, 3.689820348712417e-17, 8.773905777339733e-14, 8.321499612310816e-11, 3.147973840799297e-8, 4.749867760068394e-6, 0.00028585961802835756, 0.006861909498310837, 0.06569889256683588, 0.25089499550876765, 0.38216141367727363, 0.23217879736652278, 0.05626251817799201, 0.005437968175420476, 0.00020964043078319973, 3.2235492637815736e-6], P, 30).
compute_prob_fake_new([0.0316618063319199,0.0461457801152661,0.0659881354167637,0.0925842860642699,0.127451886285972,0.172144365872815,0.228127120876174,0.296618740181972,0.378405824900558,0.473646792199768,0.581686451098829,0.700907740722251,0.82864845478269,0.961207949251127,1.09396126087483,1.22158612942381,1.3383934512869,1.43873587689955,1.51745529145195,1.57032048332364,1.59440353054197,1.58834836183348,1.55249722264913,1.48885863742727,1.40092104051787,1.29333613505529,1.17151195739372,1.0411650953844,0.907883315459121,0.776744219932852], [0.483941449038287,0.51726293434398,0.550255367867272,0.582574681906841,0.613865626443748,0.6437680435751,0.671923613419188,0.697982900144506,0.721612507840887,0.742502143462447,0.760371378868513,0.774975906595431,0.786113094578882,0.793626663405918,0.797410335223485,0.797410335223485,0.793626663405918,0.786113094578882,0.774975906595431,0.760371378868513,0.742502143462447,0.721612507840887,0.697982900144506,0.671923613419188,0.6437680435751,0.613865626443748,0.582574681906841,0.550255367867272,0.51726293434398,0.483941449038287], [1.0536477009815702e-115, 2.4353975905833785e-106, 2.2452525930629576e-97, 8.256223246211354e-89, 1.2109285958870663e-80, 7.083966993401594e-73, 1.6529336054759142e-65, 1.5383500715499094e-58, 5.7105222660933096e-52, 8.45507314145783e-46, 4.993209577933041e-40, 1.1761510682830746e-34, 1.1050127937636359e-29, 4.140877583004069e-25, 6.189254817667662e-21, 3.689820348712417e-17, 8.773905777339733e-14, 8.321499612310816e-11, 3.147973840799297e-8, 4.749867760068394e-6, 0.00028585961802835756, 0.006861909498310837, 0.06569889256683588, 0.25089499550876765, 0.38216141367727363, 0.23217879736652278, 0.05626251817799201, 0.005437968175420476, 0.00020964043078319973, 3.2235492637815736e-6], P, 30).
compute_prob_fake_new([0.0316618063319199,0.0461457801152661,0.0659881354167637,0.0925842860642699,0.127451886285972,0.172144365872815,0.228127120876174,0.296618740181972,0.378405824900558,0.473646792199768,0.581686451098829,0.700907740722251,0.82864845478269,0.961207949251127,1.09396126087483,1.22158612942381,1.3383934512869,1.43873587689955,1.51745529145195,1.57032048332364,1.59440353054197,1.58834836183348,1.55249722264913,1.48885863742727,1.40092104051787,1.29333613505529,1.17151195739372,1.0411650953844,0.907883315459121,0.776744219932852], [0.483941449038287,0.51726293434398,0.550255367867272,0.582574681906841,0.613865626443748,0.6437680435751,0.671923613419188,0.697982900144506,0.721612507840887,0.742502143462447,0.760371378868513,0.774975906595431,0.786113094578882,0.793626663405918,0.797410335223485,0.797410335223485,0.793626663405918,0.786113094578882,0.774975906595431,0.760371378868513,0.742502143462447,0.721612507840887,0.697982900144506,0.671923613419188,0.6437680435751,0.613865626443748,0.582574681906841,0.550255367867272,0.51726293434398,0.483941449038287], [1.0536477009815702e-115, 2.4353975905833785e-106, 2.2452525930629576e-97, 8.256223246211354e-89, 1.2109285958870663e-80, 7.083966993401594e-73, 1.6529336054759142e-65, 1.5383500715499094e-58, 5.7105222660933096e-52, 8.45507314145783e-46, 4.993209577933041e-40, 1.1761510682830746e-34, 1.1050127937636359e-29, 4.140877583004069e-25, 6.189254817667662e-21, 3.689820348712417e-17, 8.773905777339733e-14, 8.321499612310816e-11, 3.147973840799297e-8, 4.749867760068394e-6, 0.00028585961802835756, 0.006861909498310837, 0.06569889256683588, 0.25089499550876765, 0.38216141367727363, 0.23217879736652278, 0.05626251817799201, 0.005437968175420476, 0.00020964043078319973, 3.2235492637815736e-6], P, 30).
compute_prob_fake_new([0.0316618063319199,0.0461457801152661,0.0659881354167637,0.0925842860642699,0.127451886285972,0.172144365872815,0.228127120876174,0.296618740181972,0.378405824900558,0.473646792199768,0.581686451098829,0.700907740722251,0.82864845478269,0.961207949251127,1.09396126087483,1.22158612942381,1.3383934512869,1.43873587689955,1.51745529145195,1.57032048332364,1.59440353054197,1.58834836183348,1.55249722264913,1.48885863742727,1.40092104051787,1.29333613505529,1.17151195739372,1.0411650953844,0.907883315459121,0.776744219932852], [0.483941449038287,0.51726293434398,0.550255367867272,0.582574681906841,0.613865626443748,0.6437680435751,0.671923613419188,0.697982900144506,0.721612507840887,0.742502143462447,0.760371378868513,0.774975906595431,0.786113094578882,0.793626663405918,0.797410335223485,0.797410335223485,0.793626663405918,0.786113094578882,0.774975906595431,0.760371378868513,0.742502143462447,0.721612507840887,0.697982900144506,0.671923613419188,0.6437680435751,0.613865626443748,0.582574681906841,0.550255367867272,0.51726293434398,0.483941449038287], [1.0536477009815702e-115, 2.4353975905833785e-106, 2.2452525930629576e-97, 8.256223246211354e-89, 1.2109285958870663e-80, 7.083966993401594e-73, 1.6529336054759142e-65, 1.5383500715499094e-58, 5.7105222660933096e-52, 8.45507314145783e-46, 4.993209577933041e-40, 1.1761510682830746e-34, 1.1050127937636359e-29, 4.140877583004069e-25, 6.189254817667662e-21, 3.689820348712417e-17, 8.773905777339733e-14, 8.321499612310816e-11, 3.147973840799297e-8, 4.749867760068394e-6, 0.00028585961802835756, 0.006861909498310837, 0.06569889256683588, 0.25089499550876765, 0.38216141367727363, 0.23217879736652278, 0.05626251817799201, 0.005437968175420476, 0.00020964043078319973, 3.2235492637815736e-6], P, 30).
compute_prob_fake_new([8.16623563166955e-16,1.44255999909239e-14,2.26258871259652e-13,3.15091798771186e-12,3.89608421023796e-11,4.27739466410724e-10,4.16955842751141e-09,3.60878124443959e-08,2.77326137168845e-07,1.89225996253037e-06,1.14638514773934e-05,6.16651871177565e-05,0.000294516281793529,0.00124893062972674,0.00470248129673801,0.0157208342763492,0.0466642032068076,0.122984922606993,0.287792612864817,0.597953158976047,1.10309886944845,1.80684736547997,2.62777542390178,3.39324157012068,3.89046097712026,3.96047339913111,3.57975158656951,2.87288626016529,2.04712200548245,1.29517595665892], [0.00176297841183723,0.00331578077670558,0.00605361173179503,0.0107283579179108,0.0184561828163205,0.0308205547143013,0.0499607508464904,0.0786153587189437,0.120081410986188,0.178046771201182,0.2562609079035,0.358030938323058,0.485566471620889,0.639244151792157,0.816911056544741,1.01338091922863,1.22028313628303,1.4263904894347,1.61847575319423,1.7826410318102,1.90595015168499,1.97810397311639,1.99285926802266,1.94892032268501,1.85012672264623,1.70489958799233,1.52505699195056,1.32422956491555,1.11617020144119,0.91324542694511], [2.7699101084021518e-152, 4.661233336971641e-140, 2.3942326114686995e-128, 3.753722551582079e-117, 1.796339114270118e-106, 2.623885097585457e-96, 1.1698539043224422e-86, 1.5920209341339147e-77, 6.612965377167729e-69, 8.384439843812917e-61, 3.244757065375913e-53, 3.8328396437542915e-46, 1.3819408107961904e-39, 1.5208576420204513e-33, 5.108789584443233e-28, 5.238148382359171e-23, 1.6393357387595569e-18, 1.5659877003169466e-14, 4.566033735108577e-11, 4.0636866711733257e-8, 1.103904852855474e-5, 0.0009153209444708999, 0.02316570315484188, 0.17895667556820605, 0.4219690996678912, 0.30369925355633254, 0.06671709519149559, 0.004473638253772774, 9.156192758300386e-5, 5.720043348062188e-7], P, 30).
