A->B prior: Usually
8.16623563166955e-16,1.44255999909239e-14,2.26258871259652e-13,3.15091798771186e-12,3.89608421023796e-11,4.27739466410724e-10,4.16955842751141e-09,3.60878124443959e-08,2.77326137168845e-07,1.89225996253037e-06,1.14638514773934e-05,6.16651871177565e-05,0.000294516281793529,0.00124893062972674,0.00470248129673801,0.0157208342763492,0.0466642032068076,0.122984922606993,0.287792612864817,0.597953158976047,1.10309886944845,1.80684736547997,2.62777542390178,3.39324157012068,3.89046097712026,3.96047339913111,3.57975158656951,2.87288626016529,2.04712200548245,1.29517595665892

B->C prior: Normally
0.000669151128824427,0.00131396143799918,0.00250455724630873,0.00463414100182388,0.0083233366945009,0.0145116107390154,0.0245597372210385,0.0403479755746887,0.064344246711194,0.0996064886758847,0.149677140805182,0.218329924441018,0.309144118602575,0.424911661986334,0.56692583850032,0.734249719849816,0.923105345816221,1.12654535359309,1.33455363775515,1.53466406610937,1.71309147270156,1.85625535865612,1.95247205004551,1.99352583805871,1.97582670205929,1.90092844717128,1.77530357470103,1.60942010893775,1.41630294175518,1.20985362259572

A->B posterior:
1.4557992805644682e-192, 3.6711770731451392e-177, 2.0941417255910623e-162, 2.702114285238451e-148, 7.886753412136298e-135, 5.207025648046073e-122, 7.776390785734222e-110, 2.627019779679639e-98, 2.0074535919258324e-87, 3.469960979424217e-77, 1.3567523224103735e-67, 1.1999784916586704e-58, 2.400729646931462e-50, 1.0864505274166194e-42, 1.1121761051469317e-35, 2.575337019874779e-29, 1.348936440723037e-23, 1.5982540327021267e-18, 4.2834828891960545e-14, 2.5968398648323606e-10, 3.5611495174856e-7, 0.00011046689640363227, 0.007751236759594183, 0.1230287915203973, 0.4417122251130669, 0.35873106430857565, 0.06590152407209991, 0.0027385384089472086, 2.5741812347331614e-5, 5.473388927660597e-8

B->C posterior:
1.7299238418049727e-152, 3.0514881716798086e-140, 1.6390564910917537e-128, 2.6808571784285897e-117, 1.3352142476379634e-106, 2.02500342722934e-96, 9.35186204653814e-87, 1.315127761004716e-77, 5.631645687044586e-69, 7.343451419377302e-61, 2.9158330434463836e-53, 3.525515308953226e-46, 1.2980161050168815e-39, 1.455241534472367e-33, 4.968068858659365e-28, 5.1646114793632834e-23, 1.63487755036689e-18, 1.5759060718379486e-14, 4.6256519502327493e-11, 4.134405782600986e-8, 1.1252545337705486e-5, 0.0009325797220459055, 0.023535243120650057, 0.180862668581983, 0.4232302534128107, 0.301579626440706, 0.06543721656089621, 0.004323596547312476, 8.698873779990457e-5, 5.329401278209518e-7

Pueden aprender:
A->B. si 2.3496564315356228,1.2208121504508314. Entropia posterior inferior prior.
B->C. si 2.887866831109875,1.332356740387042. Entropia posterior inferior prior.
Test causals threshold 0.7 umbral bajo 0.3 umbral alto:
B->C seldom pf:
0.539909665131881,1.01394503754819,1.69070360430172,2.50311207593448,3.29043158087202,3.8404771597918,3.97994674480749,3.66209062575732,2.99185586174978,2.17026116107778,1.39779371187481,0.799344367201206,0.405867716332549,0.182976303331874,0.0732428007694158,0.0260312359969585,0.00821456155345708,0.00230162061854004,0.000572588792401122,0.00012647704178634,2.4805061477323e-05,4.31945216388196e-06,6.67846696669564e-07,9.16821202100939e-08,1.11751218293529e-08,1.2094269370549e-09,1.16216223968335e-10,9.9154775638862e-12,7.51138918172122e-13,5.05227108353689e-14

A->B seldom pf:
0.539909665131881,1.01394503754819,1.69070360430172,2.50311207593448,3.29043158087202,3.8404771597918,3.97994674480749,3.66209062575732,2.99185586174978,2.17026116107778,1.39779371187481,0.799344367201206,0.405867716332549,0.182976303331874,0.0732428007694158,0.0260312359969585,0.00821456155345708,0.00230162061854004,0.000572588792401122,0.00012647704178634,2.4805061477323e-05,4.31945216388196e-06,6.67846696669564e-07,9.16821202100939e-08,1.11751218293529e-08,1.2094269370549e-09,1.16216223968335e-10,9.9154775638862e-12,7.51138918172122e-13,5.05227108353689e-14

B->C infrequently pf:
0.0443184841193801,0.117499204727835,0.276595244834269,0.578115008597756,1.07286118096729,1.76779772772822,2.5863146717199,3.35961806709594,3.87487953297716,3.96813331702959,3.60806253920443,2.9128734095342,2.08799242088587,1.32891124761707,0.750970347491689,0.376798663054269,0.167863266463283,0.06639903060696,0.0233199470766991,0.00727198768062692,0.0020134389274865,0.00049497531401239,0.000108040944256433,2.09388562305175e-05,3.60310809383055e-06,5.5050514207494e-07,7.46801567882375e-08,8.99515838365692e-09,9.61993551154433e-10,9.13472040836465e-11

B->C infrequently pf:
0.0443184841193801,0.117499204727835,0.276595244834269,0.578115008597756,1.07286118096729,1.76779772772822,2.5863146717199,3.35961806709594,3.87487953297716,3.96813331702959,3.60806253920443,2.9128734095342,2.08799242088587,1.32891124761707,0.750970347491689,0.376798663054269,0.167863266463283,0.06639903060696,0.0233199470766991,0.00727198768062692,0.0020134389274865,0.00049497531401239,0.000108040944256433,2.09388562305175e-05,3.60310809383055e-06,5.5050514207494e-07,7.46801567882375e-08,8.99515838365692e-09,9.61993551154433e-10,9.13472040836465e-11

B->C infrequently pf:
0.0443184841193801,0.117499204727835,0.276595244834269,0.578115008597756,1.07286118096729,1.76779772772822,2.5863146717199,3.35961806709594,3.87487953297716,3.96813331702959,3.60806253920443,2.9128734095342,2.08799242088587,1.32891124761707,0.750970347491689,0.376798663054269,0.167863266463283,0.06639903060696,0.0233199470766991,0.00727198768062692,0.0020134389274865,0.00049497531401239,0.000108040944256433,2.09388562305175e-05,3.60310809383055e-06,5.5050514207494e-07,7.46801567882375e-08,8.99515838365692e-09,9.61993551154433e-10,9.13472040836465e-11


Probs:

compute_prob_fake_new(PriorDistribution, LikelihoodDistribution, PosteriorDistribution, 1, Resolution)
compute_prob_fake_new([], [], [], P, 30).
compute_prob_fake_new([0.000669151128824427,0.00131396143799918,0.00250455724630873,0.00463414100182388,0.0083233366945009,0.0145116107390154,0.0245597372210385,0.0403479755746887,0.064344246711194,0.0996064886758847,0.149677140805182,0.218329924441018,0.309144118602575,0.424911661986334,0.56692583850032,0.734249719849816,0.923105345816221,1.12654535359309,1.33455363775515,1.53466406610937,1.71309147270156,1.85625535865612,1.95247205004551,1.99352583805871,1.97582670205929,1.90092844717128,1.77530357470103,1.60942010893775,1.41630294175518,1.20985362259572], [0.539909665131881,1.01394503754819,1.69070360430172,2.50311207593448,3.29043158087202,3.8404771597918,3.97994674480749,3.66209062575732,2.99185586174978,2.17026116107778,1.39779371187481,0.799344367201206,0.405867716332549,0.182976303331874,0.0732428007694158,0.0260312359969585,0.00821456155345708,0.00230162061854004,0.000572588792401122,0.00012647704178634,2.4805061477323e-05,4.31945216388196e-06,6.67846696669564e-07,9.16821202100939e-08,1.11751218293529e-08,1.2094269370549e-09,1.16216223968335e-10,9.9154775638862e-12,7.51138918172122e-13,5.05227108353689e-14], [1.7299238418049727e-152, 3.0514881716798086e-140, 1.6390564910917537e-128, 2.6808571784285897e-117, 1.3352142476379634e-106, 2.02500342722934e-96, 9.35186204653814e-87, 1.315127761004716e-77, 5.631645687044586e-69, 7.343451419377302e-61, 2.9158330434463836e-53, 3.525515308953226e-46, 1.2980161050168815e-39, 1.455241534472367e-33, 4.968068858659365e-28, 5.1646114793632834e-23, 1.63487755036689e-18, 1.5759060718379486e-14, 4.6256519502327493e-11, 4.134405782600986e-8, 1.1252545337705486e-5, 0.0009325797220459055, 0.023535243120650057, 0.180862668581983, 0.4232302534128107, 0.301579626440706, 0.06543721656089621, 0.004323596547312476, 8.698873779990457e-5, 5.329401278209518e-7], P, 30).

compute_prob_fake_new([8.16623563166955e-16,1.44255999909239e-14,2.26258871259652e-13,3.15091798771186e-12,3.89608421023796e-11,4.27739466410724e-10,4.16955842751141e-09,3.60878124443959e-08,2.77326137168845e-07,1.89225996253037e-06,1.14638514773934e-05,6.16651871177565e-05,0.000294516281793529,0.00124893062972674,0.00470248129673801,0.0157208342763492,0.0466642032068076,0.122984922606993,0.287792612864817,0.597953158976047,1.10309886944845,1.80684736547997,2.62777542390178,3.39324157012068,3.89046097712026,3.96047339913111,3.57975158656951,2.87288626016529,2.04712200548245,1.29517595665892], [0.539909665131881,1.01394503754819,1.69070360430172,2.50311207593448,3.29043158087202,3.8404771597918,3.97994674480749,3.66209062575732,2.99185586174978,2.17026116107778,1.39779371187481,0.799344367201206,0.405867716332549,0.182976303331874,0.0732428007694158,0.0260312359969585,0.00821456155345708,0.00230162061854004,0.000572588792401122,0.00012647704178634,2.4805061477323e-05,4.31945216388196e-06,6.67846696669564e-07,9.16821202100939e-08,1.11751218293529e-08,1.2094269370549e-09,1.16216223968335e-10,9.9154775638862e-12,7.51138918172122e-13,5.05227108353689e-14], [1.4557992805644682e-192, 3.6711770731451392e-177, 2.0941417255910623e-162, 2.702114285238451e-148, 7.886753412136298e-135, 5.207025648046073e-122, 7.776390785734222e-110, 2.627019779679639e-98, 2.0074535919258324e-87, 3.469960979424217e-77, 1.3567523224103735e-67, 1.1999784916586704e-58, 2.400729646931462e-50, 1.0864505274166194e-42, 1.1121761051469317e-35, 2.575337019874779e-29, 1.348936440723037e-23, 1.5982540327021267e-18, 4.2834828891960545e-14, 2.5968398648323606e-10, 3.5611495174856e-7, 0.00011046689640363227, 0.007751236759594183, 0.1230287915203973, 0.4417122251130669, 0.35873106430857565, 0.06590152407209991, 0.0027385384089472086, 2.5741812347331614e-5, 5.473388927660597e-8], P, 30).

compute_prob_fake_new([0.000669151128824427,0.00131396143799918,0.00250455724630873,0.00463414100182388,0.0083233366945009,0.0145116107390154,0.0245597372210385,0.0403479755746887,0.064344246711194,0.0996064886758847,0.149677140805182,0.218329924441018,0.309144118602575,0.424911661986334,0.56692583850032,0.734249719849816,0.923105345816221,1.12654535359309,1.33455363775515,1.53466406610937,1.71309147270156,1.85625535865612,1.95247205004551,1.99352583805871,1.97582670205929,1.90092844717128,1.77530357470103,1.60942010893775,1.41630294175518,1.20985362259572], [0.0443184841193801,0.117499204727835,0.276595244834269,0.578115008597756,1.07286118096729,1.76779772772822,2.5863146717199,3.35961806709594,3.87487953297716,3.96813331702959,3.60806253920443,2.9128734095342,2.08799242088587,1.32891124761707,0.750970347491689,0.376798663054269,0.167863266463283,0.06639903060696,0.0233199470766991,0.00727198768062692,0.0020134389274865,0.00049497531401239,0.000108040944256433,2.09388562305175e-05,3.60310809383055e-06,5.5050514207494e-07,7.46801567882375e-08,8.99515838365692e-09,9.61993551154433e-10,9.13472040836465e-11], [1.7299238418049727e-152, 3.0514881716798086e-140, 1.6390564910917537e-128, 2.6808571784285897e-117, 1.3352142476379634e-106, 2.02500342722934e-96, 9.35186204653814e-87, 1.315127761004716e-77, 5.631645687044586e-69, 7.343451419377302e-61, 2.9158330434463836e-53, 3.525515308953226e-46, 1.2980161050168815e-39, 1.455241534472367e-33, 4.968068858659365e-28, 5.1646114793632834e-23, 1.63487755036689e-18, 1.5759060718379486e-14, 4.6256519502327493e-11, 4.134405782600986e-8, 1.1252545337705486e-5, 0.0009325797220459055, 0.023535243120650057, 0.180862668581983, 0.4232302534128107, 0.301579626440706, 0.06543721656089621, 0.004323596547312476, 8.698873779990457e-5, 5.329401278209518e-7], P, 30).

compute_prob_fake_new([0.000669151128824427,0.00131396143799918,0.00250455724630873,0.00463414100182388,0.0083233366945009,0.0145116107390154,0.0245597372210385,0.0403479755746887,0.064344246711194,0.0996064886758847,0.149677140805182,0.218329924441018,0.309144118602575,0.424911661986334,0.56692583850032,0.734249719849816,0.923105345816221,1.12654535359309,1.33455363775515,1.53466406610937,1.71309147270156,1.85625535865612,1.95247205004551,1.99352583805871,1.97582670205929,1.90092844717128,1.77530357470103,1.60942010893775,1.41630294175518,1.20985362259572], [0.0443184841193801,0.117499204727835,0.276595244834269,0.578115008597756,1.07286118096729,1.76779772772822,2.5863146717199,3.35961806709594,3.87487953297716,3.96813331702959,3.60806253920443,2.9128734095342,2.08799242088587,1.32891124761707,0.750970347491689,0.376798663054269,0.167863266463283,0.06639903060696,0.0233199470766991,0.00727198768062692,0.0020134389274865,0.00049497531401239,0.000108040944256433,2.09388562305175e-05,3.60310809383055e-06,5.5050514207494e-07,7.46801567882375e-08,8.99515838365692e-09,9.61993551154433e-10,9.13472040836465e-11], [1.7299238418049727e-152, 3.0514881716798086e-140, 1.6390564910917537e-128, 2.6808571784285897e-117, 1.3352142476379634e-106, 2.02500342722934e-96, 9.35186204653814e-87, 1.315127761004716e-77, 5.631645687044586e-69, 7.343451419377302e-61, 2.9158330434463836e-53, 3.525515308953226e-46, 1.2980161050168815e-39, 1.455241534472367e-33, 4.968068858659365e-28, 5.1646114793632834e-23, 1.63487755036689e-18, 1.5759060718379486e-14, 4.6256519502327493e-11, 4.134405782600986e-8, 1.1252545337705486e-5, 0.0009325797220459055, 0.023535243120650057, 0.180862668581983, 0.4232302534128107, 0.301579626440706, 0.06543721656089621, 0.004323596547312476, 8.698873779990457e-5, 5.329401278209518e-7], P, 30).

compute_prob_fake_new([0.000669151128824427,0.00131396143799918,0.00250455724630873,0.00463414100182388,0.0083233366945009,0.0145116107390154,0.0245597372210385,0.0403479755746887,0.064344246711194,0.0996064886758847,0.149677140805182,0.218329924441018,0.309144118602575,0.424911661986334,0.56692583850032,0.734249719849816,0.923105345816221,1.12654535359309,1.33455363775515,1.53466406610937,1.71309147270156,1.85625535865612,1.95247205004551,1.99352583805871,1.97582670205929,1.90092844717128,1.77530357470103,1.60942010893775,1.41630294175518,1.20985362259572], [0.0443184841193801,0.117499204727835,0.276595244834269,0.578115008597756,1.07286118096729,1.76779772772822,2.5863146717199,3.35961806709594,3.87487953297716,3.96813331702959,3.60806253920443,2.9128734095342,2.08799242088587,1.32891124761707,0.750970347491689,0.376798663054269,0.167863266463283,0.06639903060696,0.0233199470766991,0.00727198768062692,0.0020134389274865,0.00049497531401239,0.000108040944256433,2.09388562305175e-05,3.60310809383055e-06,5.5050514207494e-07,7.46801567882375e-08,8.99515838365692e-09,9.61993551154433e-10,9.13472040836465e-11], [1.7299238418049727e-152, 3.0514881716798086e-140, 1.6390564910917537e-128, 2.6808571784285897e-117, 1.3352142476379634e-106, 2.02500342722934e-96, 9.35186204653814e-87, 1.315127761004716e-77, 5.631645687044586e-69, 7.343451419377302e-61, 2.9158330434463836e-53, 3.525515308953226e-46, 1.2980161050168815e-39, 1.455241534472367e-33, 4.968068858659365e-28, 5.1646114793632834e-23, 1.63487755036689e-18, 1.5759060718379486e-14, 4.6256519502327493e-11, 4.134405782600986e-8, 1.1252545337705486e-5, 0.0009325797220459055, 0.023535243120650057, 0.180862668581983, 0.4232302534128107, 0.301579626440706, 0.06543721656089621, 0.004323596547312476, 8.698873779990457e-5, 5.329401278209518e-7], P, 30).
