A->B prior: Normally
0.000669151128824427,0.00131396143799918,0.00250455724630873,0.00463414100182388,0.0083233366945009,0.0145116107390154,0.0245597372210385,0.0403479755746887,0.064344246711194,0.0996064886758847,0.149677140805182,0.218329924441018,0.309144118602575,0.424911661986334,0.56692583850032,0.734249719849816,0.923105345816221,1.12654535359309,1.33455363775515,1.53466406610937,1.71309147270156,1.85625535865612,1.95247205004551,1.99352583805871,1.97582670205929,1.90092844717128,1.77530357470103,1.60942010893775,1.41630294175518,1.20985362259572

B->C prior: Normally
0.000669151128824427,0.00131396143799918,0.00250455724630873,0.00463414100182388,0.0083233366945009,0.0145116107390154,0.0245597372210385,0.0403479755746887,0.064344246711194,0.0996064886758847,0.149677140805182,0.218329924441018,0.309144118602575,0.424911661986334,0.56692583850032,0.734249719849816,0.923105345816221,1.12654535359309,1.33455363775515,1.53466406610937,1.71309147270156,1.85625535865612,1.95247205004551,1.99352583805871,1.97582670205929,1.90092844717128,1.77530357470103,1.60942010893775,1.41630294175518,1.20985362259572

A->B posterior:
2.36901914815003e-260, 1.8878121081288655e-239, 1.9928047748960592e-219, 2.786676367934372e-200, 5.162072570900959e-182, 1.2667107859326247e-164, 4.117623396729009e-148, 1.7730932193954236e-132, 1.0114217920077193e-117, 7.642735609279869e-104, 7.650347402455178e-91, 1.0144467835804444e-78, 1.7819403978796975e-67, 4.146415979886172e-57, 1.2781103656404493e-47, 5.218907940787135e-39, 2.8229728862798732e-31, 2.0227842773376836e-24, 1.920030923175563e-18, 2.414252384221136e-13, 4.021359560397003e-9, 8.873172717052123e-6, 0.0025935866122294825, 0.10042419703777024, 0.5151002631536097, 0.34999429654674774, 0.03150256775471937, 0.00037561829155869205, 5.932849114356739e-7, 1.2413540497263136e-10

B->C posterior:
1.9615919834953263e-173, 1.4260742131097476e-159, 2.7209639681809623e-146, 1.3625444206460773e-133, 1.7907120816343648e-121, 6.176580027846441e-110, 5.591361824116391e-99, 1.328416728912791e-88, 8.283202721057465e-79, 1.3555310173280541e-69, 5.821941589201881e-61, 6.562562360204417e-53, 1.941450212258677e-45, 1.5073922815910675e-38, 3.0716627546519546e-32, 1.6427368194910708e-26, 2.305736454398198e-21, 8.493732037629348e-17, 8.211729980394499e-13, 2.0836174223983055e-9, 1.3875495950707502e-6, 0.00024250810887603222, 0.011123750258570103, 0.13391320671493326, 0.42309978528170994, 0.3508402526136049, 0.07635249622460903, 0.004360981862312446, 6.537211494659982e-5, 2.571864039049777e-7

Pueden aprender:
A->B si 2.887866831109875,1.0674067320825649
B->C si 2.887866831109875,1.2734725114045158
Test causals threshold 0.7 umbral bajo 0.3 umbral alto:
B->C regularly pf:
5.05227108353689e-14,7.51138918172117e-13,9.91547756388614e-12,1.16216223968335e-10,1.2094269370549e-09,1.11751218293528e-08,9.16821202100939e-08,6.67846696669564e-07,4.31945216388194e-06,2.4805061477323e-05,0.000126477041786339,0.000572588792401122,0.00230162061854003,0.00821456155345705,0.0260312359969585,0.0732428007694158,0.182976303331874,0.405867716332548,0.799344367201205,1.39779371187481,2.17026116107778,2.99185586174977,3.66209062575732,3.97994674480749,3.8404771597918,3.29043158087202,2.50311207593448,1.69070360430172,1.01394503754819,0.539909665131881

A->B regularly pf:
5.05227108353689e-14,7.51138918172117e-13,9.91547756388614e-12,1.16216223968335e-10,1.2094269370549e-09,1.11751218293528e-08,9.16821202100939e-08,6.67846696669564e-07,4.31945216388194e-06,2.4805061477323e-05,0.000126477041786339,0.000572588792401122,0.00230162061854003,0.00821456155345705,0.0260312359969585,0.0732428007694158,0.182976303331874,0.405867716332548,0.799344367201205,1.39779371187481,2.17026116107778,2.99185586174977,3.66209062575732,3.97994674480749,3.8404771597918,3.29043158087202,2.50311207593448,1.69070360430172,1.01394503754819,0.539909665131881

A->B frequently pf:
0.0316618063319199,0.0461457801152661,0.0659881354167637,0.0925842860642699,0.127451886285972,0.172144365872815,0.228127120876174,0.296618740181972,0.378405824900558,0.473646792199768,0.581686451098829,0.700907740722251,0.82864845478269,0.961207949251127,1.09396126087483,1.22158612942381,1.3383934512869,1.43873587689955,1.51745529145195,1.57032048332364,1.59440353054197,1.58834836183348,1.55249722264913,1.48885863742727,1.40092104051787,1.29333613505529,1.17151195739372,1.0411650953844,0.907883315459121,0.776744219932852

B->C regularly pf:
5.05227108353689e-14,7.51138918172117e-13,9.91547756388614e-12,1.16216223968335e-10,1.2094269370549e-09,1.11751218293528e-08,9.16821202100939e-08,6.67846696669564e-07,4.31945216388194e-06,2.4805061477323e-05,0.000126477041786339,0.000572588792401122,0.00230162061854003,0.00821456155345705,0.0260312359969585,0.0732428007694158,0.182976303331874,0.405867716332548,0.799344367201205,1.39779371187481,2.17026116107778,2.99185586174977,3.66209062575732,3.97994674480749,3.8404771597918,3.29043158087202,2.50311207593448,1.69070360430172,1.01394503754819,0.539909665131881

B->C frequently pf:
0.0316618063319199,0.0461457801152661,0.0659881354167637,0.0925842860642699,0.127451886285972,0.172144365872815,0.228127120876174,0.296618740181972,0.378405824900558,0.473646792199768,0.581686451098829,0.700907740722251,0.82864845478269,0.961207949251127,1.09396126087483,1.22158612942381,1.3383934512869,1.43873587689955,1.51745529145195,1.57032048332364,1.59440353054197,1.58834836183348,1.55249722264913,1.48885863742727,1.40092104051787,1.29333613505529,1.17151195739372,1.0411650953844,0.907883315459121,0.776744219932852

compute_prob_fake_new([0.000669151128824427,0.00131396143799918,0.00250455724630873,0.00463414100182388,0.0083233366945009,0.0145116107390154,0.0245597372210385,0.0403479755746887,0.064344246711194,0.0996064886758847,0.149677140805182,0.218329924441018,0.309144118602575,0.424911661986334,0.56692583850032,0.734249719849816,0.923105345816221,1.12654535359309,1.33455363775515,1.53466406610937,1.71309147270156,1.85625535865612,1.95247205004551,1.99352583805871,1.97582670205929,1.90092844717128,1.77530357470103,1.60942010893775,1.41630294175518,1.20985362259572], [5.05227108353689e-14,7.51138918172117e-13,9.91547756388614e-12,1.16216223968335e-10,1.2094269370549e-09,1.11751218293528e-08,9.16821202100939e-08,6.67846696669564e-07,4.31945216388194e-06,2.4805061477323e-05,0.000126477041786339,0.000572588792401122,0.00230162061854003,0.00821456155345705,0.0260312359969585,0.0732428007694158,0.182976303331874,0.405867716332548,0.799344367201205,1.39779371187481,2.17026116107778,2.99185586174977,3.66209062575732,3.97994674480749,3.8404771597918,3.29043158087202,2.50311207593448,1.69070360430172,1.01394503754819,0.539909665131881], [1.9615919834953263e-173, 1.4260742131097476e-159, 2.7209639681809623e-146, 1.3625444206460773e-133, 1.7907120816343648e-121, 6.176580027846441e-110, 5.591361824116391e-99, 1.328416728912791e-88, 8.283202721057465e-79, 1.3555310173280541e-69, 5.821941589201881e-61, 6.562562360204417e-53, 1.941450212258677e-45, 1.5073922815910675e-38, 3.0716627546519546e-32, 1.6427368194910708e-26, 2.305736454398198e-21, 8.493732037629348e-17, 8.211729980394499e-13, 2.0836174223983055e-9, 1.3875495950707502e-6, 0.00024250810887603222, 0.011123750258570103, 0.13391320671493326, 0.42309978528170994, 0.3508402526136049, 0.07635249622460903, 0.004360981862312446, 6.537211494659982e-5, 2.571864039049777e-7], P, 30).
compute_prob_fake_new([0.000669151128824427,0.00131396143799918,0.00250455724630873,0.00463414100182388,0.0083233366945009,0.0145116107390154,0.0245597372210385,0.0403479755746887,0.064344246711194,0.0996064886758847,0.149677140805182,0.218329924441018,0.309144118602575,0.424911661986334,0.56692583850032,0.734249719849816,0.923105345816221,1.12654535359309,1.33455363775515,1.53466406610937,1.71309147270156,1.85625535865612,1.95247205004551,1.99352583805871,1.97582670205929,1.90092844717128,1.77530357470103,1.60942010893775,1.41630294175518,1.20985362259572], [5.05227108353689e-14,7.51138918172117e-13,9.91547756388614e-12,1.16216223968335e-10,1.2094269370549e-09,1.11751218293528e-08,9.16821202100939e-08,6.67846696669564e-07,4.31945216388194e-06,2.4805061477323e-05,0.000126477041786339,0.000572588792401122,0.00230162061854003,0.00821456155345705,0.0260312359969585,0.0732428007694158,0.182976303331874,0.405867716332548,0.799344367201205,1.39779371187481,2.17026116107778,2.99185586174977,3.66209062575732,3.97994674480749,3.8404771597918,3.29043158087202,2.50311207593448,1.69070360430172,1.01394503754819,0.539909665131881], [2.36901914815003e-260, 1.8878121081288655e-239, 1.9928047748960592e-219, 2.786676367934372e-200, 5.162072570900959e-182, 1.2667107859326247e-164, 4.117623396729009e-148, 1.7730932193954236e-132, 1.0114217920077193e-117, 7.642735609279869e-104, 7.650347402455178e-91, 1.0144467835804444e-78, 1.7819403978796975e-67, 4.146415979886172e-57, 1.2781103656404493e-47, 5.218907940787135e-39, 2.8229728862798732e-31, 2.0227842773376836e-24, 1.920030923175563e-18, 2.414252384221136e-13, 4.021359560397003e-9, 8.873172717052123e-6, 0.0025935866122294825, 0.10042419703777024, 0.5151002631536097, 0.34999429654674774, 0.03150256775471937, 0.00037561829155869205, 5.932849114356739e-7, 1.2413540497263136e-10], P, 30).
compute_prob_fake_new([0.000669151128824427,0.00131396143799918,0.00250455724630873,0.00463414100182388,0.0083233366945009,0.0145116107390154,0.0245597372210385,0.0403479755746887,0.064344246711194,0.0996064886758847,0.149677140805182,0.218329924441018,0.309144118602575,0.424911661986334,0.56692583850032,0.734249719849816,0.923105345816221,1.12654535359309,1.33455363775515,1.53466406610937,1.71309147270156,1.85625535865612,1.95247205004551,1.99352583805871,1.97582670205929,1.90092844717128,1.77530357470103,1.60942010893775,1.41630294175518,1.20985362259572], [0.0316618063319199,0.0461457801152661,0.0659881354167637,0.0925842860642699,0.127451886285972,0.172144365872815,0.228127120876174,0.296618740181972,0.378405824900558,0.473646792199768,0.581686451098829,0.700907740722251,0.82864845478269,0.961207949251127,1.09396126087483,1.22158612942381,1.3383934512869,1.43873587689955,1.51745529145195,1.57032048332364,1.59440353054197,1.58834836183348,1.55249722264913,1.48885863742727,1.40092104051787,1.29333613505529,1.17151195739372,1.0411650953844,0.907883315459121,0.776744219932852], [2.36901914815003e-260, 1.8878121081288655e-239, 1.9928047748960592e-219, 2.786676367934372e-200, 5.162072570900959e-182, 1.2667107859326247e-164, 4.117623396729009e-148, 1.7730932193954236e-132, 1.0114217920077193e-117, 7.642735609279869e-104, 7.650347402455178e-91, 1.0144467835804444e-78, 1.7819403978796975e-67, 4.146415979886172e-57, 1.2781103656404493e-47, 5.218907940787135e-39, 2.8229728862798732e-31, 2.0227842773376836e-24, 1.920030923175563e-18, 2.414252384221136e-13, 4.021359560397003e-9, 8.873172717052123e-6, 0.0025935866122294825, 0.10042419703777024, 0.5151002631536097, 0.34999429654674774, 0.03150256775471937, 0.00037561829155869205, 5.932849114356739e-7, 1.2413540497263136e-10], P, 30).
compute_prob_fake_new([0.000669151128824427,0.00131396143799918,0.00250455724630873,0.00463414100182388,0.0083233366945009,0.0145116107390154,0.0245597372210385,0.0403479755746887,0.064344246711194,0.0996064886758847,0.149677140805182,0.218329924441018,0.309144118602575,0.424911661986334,0.56692583850032,0.734249719849816,0.923105345816221,1.12654535359309,1.33455363775515,1.53466406610937,1.71309147270156,1.85625535865612,1.95247205004551,1.99352583805871,1.97582670205929,1.90092844717128,1.77530357470103,1.60942010893775,1.41630294175518,1.20985362259572], [5.05227108353689e-14,7.51138918172117e-13,9.91547756388614e-12,1.16216223968335e-10,1.2094269370549e-09,1.11751218293528e-08,9.16821202100939e-08,6.67846696669564e-07,4.31945216388194e-06,2.4805061477323e-05,0.000126477041786339,0.000572588792401122,0.00230162061854003,0.00821456155345705,0.0260312359969585,0.0732428007694158,0.182976303331874,0.405867716332548,0.799344367201205,1.39779371187481,2.17026116107778,2.99185586174977,3.66209062575732,3.97994674480749,3.8404771597918,3.29043158087202,2.50311207593448,1.69070360430172,1.01394503754819,0.539909665131881], [1.9615919834953263e-173, 1.4260742131097476e-159, 2.7209639681809623e-146, 1.3625444206460773e-133, 1.7907120816343648e-121, 6.176580027846441e-110, 5.591361824116391e-99, 1.328416728912791e-88, 8.283202721057465e-79, 1.3555310173280541e-69, 5.821941589201881e-61, 6.562562360204417e-53, 1.941450212258677e-45, 1.5073922815910675e-38, 3.0716627546519546e-32, 1.6427368194910708e-26, 2.305736454398198e-21, 8.493732037629348e-17, 8.211729980394499e-13, 2.0836174223983055e-9, 1.3875495950707502e-6, 0.00024250810887603222, 0.011123750258570103, 0.13391320671493326, 0.42309978528170994, 0.3508402526136049, 0.07635249622460903, 0.004360981862312446, 6.537211494659982e-5, 2.571864039049777e-7], P, 30).
compute_prob_fake_new([0.000669151128824427,0.00131396143799918,0.00250455724630873,0.00463414100182388,0.0083233366945009,0.0145116107390154,0.0245597372210385,0.0403479755746887,0.064344246711194,0.0996064886758847,0.149677140805182,0.218329924441018,0.309144118602575,0.424911661986334,0.56692583850032,0.734249719849816,0.923105345816221,1.12654535359309,1.33455363775515,1.53466406610937,1.71309147270156,1.85625535865612,1.95247205004551,1.99352583805871,1.97582670205929,1.90092844717128,1.77530357470103,1.60942010893775,1.41630294175518,1.20985362259572], [0.0316618063319199,0.0461457801152661,0.0659881354167637,0.0925842860642699,0.127451886285972,0.172144365872815,0.228127120876174,0.296618740181972,0.378405824900558,0.473646792199768,0.581686451098829,0.700907740722251,0.82864845478269,0.961207949251127,1.09396126087483,1.22158612942381,1.3383934512869,1.43873587689955,1.51745529145195,1.57032048332364,1.59440353054197,1.58834836183348,1.55249722264913,1.48885863742727,1.40092104051787,1.29333613505529,1.17151195739372,1.0411650953844,0.907883315459121,0.776744219932852], [1.9615919834953263e-173, 1.4260742131097476e-159, 2.7209639681809623e-146, 1.3625444206460773e-133, 1.7907120816343648e-121, 6.176580027846441e-110, 5.591361824116391e-99, 1.328416728912791e-88, 8.283202721057465e-79, 1.3555310173280541e-69, 5.821941589201881e-61, 6.562562360204417e-53, 1.941450212258677e-45, 1.5073922815910675e-38, 3.0716627546519546e-32, 1.6427368194910708e-26, 2.305736454398198e-21, 8.493732037629348e-17, 8.211729980394499e-13, 2.0836174223983055e-9, 1.3875495950707502e-6, 0.00024250810887603222, 0.011123750258570103, 0.13391320671493326, 0.42309978528170994, 0.3508402526136049, 0.07635249622460903, 0.004360981862312446, 6.537211494659982e-5, 2.571864039049777e-7], P, 30).
